 <pre>

 Contingency table for Cloud base (m)
 Selection: ALL    139 stations
Period: 20200508-20200522
Used {00} + 03 06 09 12 15 18 21 24
 Limits    70.0000000       150.000000       300.000000       600.000000       1000.00000       1500.00000       2500.00000       5000.00000    
 Each class is data <= limit, the very last > last limit
 Total number of values       11014
                                                       OBSERVATION
                                     76       59       48       26       11        4        3        0        3 |       230
                                     47       76       72       47        7        7        6        4        1 |       267
                                     26       66      168      145       38       29        4        7        2 |       485
                                     23       54      150      447      223      116       37       17        4 |      1071
                      RFRMIN25        9       20       40      209      475      389       89       44       13 |      1288
                                     16       10       25      118      365     1265      140       61       27 |      2027
                                      6       15       18       51      104      514      272       53       14 |      1047
                                      2        4       16       34       46       69      113      317       24 |       625
                                     40       32       94      331      462     1409      437      618      551 |      3974

                    SUM             245      336      631     1408     1731     3802     1101     1121      639 |     11014
                                                       OBSERVATION
                                     77       56       37       26        9        6        5        5        4 |       225
                                     47       68       87       35       14       11        5        2        1 |       270
                                     24       72      145      139       24       22        3       10        3 |       442
                                     22       46      147      360      161       84       18       10        3 |       851
                       RFRMIN1        7       27       39      196      338      226       51       29        5 |       918
                                     14       19       23      127      359      951       84       56       15 |      1648
                                      5        6       25       63      118      596      242       38       15 |      1108
                                      4        7       13       33       38       74       99      232        5 |       505
                                     45       35      115      429      670     1832      594      739      588 |      5047

                    SUM             245      336      631     1408     1731     3802     1101     1121      639 |     11014
                                                       OBSERVATION
                                     82       59       38       27       10        7        4        4        4 |       235
                                     45       70       84       34        9       11        4        3        1 |       261
                                     29       67      143      144       33       15        5        9        2 |       447
                                     20       49      159      357      162       79       21       13        4 |       864
                   RFRMIN1_TAU        9       26       33      213      363      234       55       26        6 |       965
                                     12       11       26      129      349     1009      103       43       12 |      1694
                                      5        9       23       58      117      598      243       40       11 |      1104
                                      2        8       13       32       39       66       93      230        7 |       490
                                     41       37      112      414      649     1783      573      753      592 |      4954

                    SUM             245      336      631     1408     1731     3802     1101     1121      639 |     11014

