 <pre>

 Contingency table for Low clouds (octas)
 Selection: Ireland     27 stations
Period: 20200508-20200522
Used {00,12} + 01 02 ... 24
 Limits    1.00000000       2.00000000       3.00000000       4.00000000       5.00000000       6.00000000       7.00000000    
 Each class is data <= limit, the very last > last limit
 Total number of values       15176
                                              OBSERVATION
                                   1859      284      301      184      154      178      535      255 |      3750
                                    172       51       56       46       49       49      184       98 |       705
                                    112       52       54       40       42       42      163       72 |       577
                      RFRMIN25       99       40       49       46       41       54      188       84 |       601
                                    100       45       56       35       49       59      218       92 |       654
                                    109       45       69       56       56       55      253      110 |       753
                                    136       86       84       69       85      102      429      186 |      1177
                                    363      369      403      339      475      515     2448     2047 |      6959

                    SUM            2950      972     1072      815      951     1054     4418     2944 |     15176
                                              OBSERVATION
                                   2288      468      508      335      324      355     1207      546 |      6031
                                     66       36       51       32       50       36      169       80 |       520
                                     44       20       27       26       35       40      133       52 |       377
                       RFRMIN1       36       22       29       19       27       44      122       55 |       354
                                     39       22       27       29       20       25      150       38 |       350
                                     44       22       33       19       25       37      142       66 |       388
                                     64       47       53       35       55       65      245       99 |       663
                                    369      335      344      320      415      452     2250     2008 |      6493

                    SUM            2950      972     1072      815      951     1054     4418     2944 |     15176
                                              OBSERVATION
                                   2272      464      475      312      315      347     1158      545 |      5888
                                     79       27       50       32       47       44      153       63 |       495
                                     41       22       31       25       26       35      129       62 |       371
                   RFRMIN1_TAU       36       25       28       25       37       29      152       47 |       379
                                     45       19       43       20       42       32      122       53 |       376
                                     45       22       42       26       33       39      179       68 |       454
                                     72       53       61       48       54       69      286      125 |       768
                                    360      340      342      327      397      459     2239     1981 |      6445

                    SUM            2950      972     1072      815      951     1054     4418     2944 |     15176

