 <pre>

 Contingency table for Low clouds (octas)
 Selection: Ireland     27 stations
Period: 20200508-20200522
Used {00} + 01 02 ... 24
 Limits    1.00000000       2.00000000       3.00000000       4.00000000       5.00000000       6.00000000       7.00000000    
 Each class is data <= limit, the very last > last limit
 Total number of values        7591
                                              OBSERVATION
                                    943      151      156       88       78       91      256      133 |      1896
                                    104       27       26       29       28       26       97       48 |       385
                                     50       21       24       19       20       17       92       41 |       284
                      RFRMIN25       42       16       25       26       15       27       85       39 |       275
                                     50       27       31       17       28       29      110       54 |       346
                                     51       22       33       28       27       27      124       57 |       369
                                     72       40       45       30       41       50      220      103 |       601
                                    179      178      186      159      232      246     1224     1031 |      3435

                    SUM            1491      482      526      396      469      513     2208     1506 |      7591
                                              OBSERVATION
                                   1162      239      249      165      165      183      592      274 |      3029
                                     30       16       26       21       23       18       94       47 |       275
                                     26       11       18       15       15       24       55       29 |       193
                       RFRMIN1       18        6       15        4       12       20       70       27 |       172
                                     21       12       12       17       12       11       80       21 |       186
                                     24       15       19       10        9       14       78       36 |       205
                                     35       20       20       16       31       34      113       57 |       326
                                    175      163      167      148      202      209     1126     1015 |      3205

                    SUM            1491      482      526      396      469      513     2208     1506 |      7591
                                              OBSERVATION
                                   1144      240      242      153      157      175      569      274 |      2954
                                     44       12       25       16       24       21       74       41 |       257
                                     24        8       14       13       16       15       55       34 |       179
                   RFRMIN1_TAU       18        9       14       16       14       14       75       23 |       183
                                     23       13       21       11       18       14       61       29 |       190
                                     28       13       21       16       16       19       97       36 |       246
                                     39       27       29       25       27       40      143       61 |       391
                                    171      160      160      146      197      215     1134     1008 |      3191

                    SUM            1491      482      526      396      469      513     2208     1506 |      7591

