 <pre>

 Contingency table for Low clouds (octas)
 Selection: ALL    139 stations
Period: 20200508-20200522
Used {00} + 01 02 ... 24
 Limits    1.00000000       2.00000000       3.00000000       4.00000000       5.00000000       6.00000000       7.00000000    
 Each class is data <= limit, the very last > last limit
 Total number of values       35688
                                              OBSERVATION
                                   6663     1002      772      566      522      470     1013      727 |     11735
                                    572      185      149      178      157      155      321      193 |      1910
                                    409      150      142      127      142      147      336      153 |      1606
                      RFRMIN25      350      151      157      169      142      160      305      168 |      1602
                                    299      165      168      154      156      173      385      195 |      1695
                                    302      192      198      185      174      188      473      223 |      1935
                                    369      234      243      186      215      261      665      366 |      2539
                                    873      982     1008      924     1047     1296     3670     2866 |     12666

                    SUM            9837     3061     2837     2489     2555     2850     7168     4891 |     35688
                                              OBSERVATION
                                   8130     1581     1266     1066     1000      970     2110     1317 |     17440
                                    192      114      125      116      119      128      309      139 |      1242
                                    147       95      104       98      104      121      227      106 |      1002
                       RFRMIN1      112       69       96       86       92      112      248       86 |       901
                                    110       76       96       94       77       91      261      100 |       905
                                    130      101      104       81      104       93      274      133 |      1020
                                    197      139      129      118      120      163      396      211 |      1473
                                    819      886      917      830      939     1172     3343     2799 |     11705

                    SUM            9837     3061     2837     2489     2555     2850     7168     4891 |     35688
                                              OBSERVATION
                                   8026     1531     1200     1013      958      922     2007     1334 |     16991
                                    240      113      117      102      116      116      266      120 |      1190
                                    153       97      123      101      115      123      217       95 |      1024
                   RFRMIN1_TAU      118       92       98      104       90      110      253       97 |       962
                                    117       87      109      111       93      116      256      113 |      1002
                                    138       93      140       95      119      122      325      131 |      1163
                                    215      163      152      136      126      161      462      215 |      1630
                                    830      885      898      827      938     1180     3382     2786 |     11726

                    SUM            9837     3061     2837     2489     2555     2850     7168     4891 |     35688

