 <pre>

 Contingency table for Rh2m (%)
 Selection: ALL    151 stations
Period: 20200508-20200522
Used {00,12} + 01 02 ... 24
 Limits    30.0000000       50.0000000       65.0000000       75.0000000       85.0000000       95.0000000       100.000000    
 Each class is data <= limit, the very last > last limit
 Total number of values      108122
                                              OBSERVATION
                                     30      107        2        2        0        0        0        0 |       141
                                    166     8210     3842      284       49        2        0        0 |     12553
                                      9     3860    14739     5940     1537      226       12        0 |     26323
                      RFRMIN25        1      341     4385     8064     5068     1058       64        0 |     18981
                                      0       83     1102     4682     8833     4037      354        0 |     19091
                                      0        3      262     1595     6587    11298     2379        0 |     22124
                                      0        0       15       64      582     3901     3755        0 |      8317
                                      0        0        0        5        8      126      453        0 |       592

                    SUM             206    12604    24347    20636    22664    20648     7017        0 |    108122
                                              OBSERVATION
                                     31       81        2        1        0        0        0        0 |       115
                                    165     8094     3777      276       44        1        0        0 |     12357
                                      9     4013    14918     5931     1405      215       15        0 |     26506
                       RFRMIN1        1      322     4243     8074     4995     1009       64        0 |     18708
                                      0       87     1088     4679     8858     3873      333        0 |     18918
                                      0        7      304     1610     6794    11502     2390        0 |     22607
                                      0        0       15       60      554     3927     3767        0 |      8323
                                      0        0        0        5       14      121      448        0 |       588

                    SUM             206    12604    24347    20636    22664    20648     7017        0 |    108122
                                              OBSERVATION
                                     32       86        2        1        0        0        0        0 |       121
                                    163     8106     3727      272       43        1        0        0 |     12312
                                     10     3991    14917     5858     1400      207       12        0 |     26395
                   RFRMIN1_TAU        1      322     4288     8137     4974      966       63        0 |     18751
                                      0       83     1082     4658     8860     3899      340        0 |     18922
                                      0       16      315     1641     6817    11521     2396        0 |     22706
                                      0        0       16       65      558     3936     3755        0 |      8330
                                      0        0        0        4       12      118      451        0 |       585

                    SUM             206    12604    24347    20636    22664    20648     7017        0 |    108122

